bcd incrementator + 1

   e bcd  | bcd+1 o
0  1 0000 | 0001  0
1  1 0001 | 0010  0
2  1 0010 | 0011  0
3  1 0011 | 0100  0
4  1 0100 | 0101  0
5  1 0101 | 0110  0
6  1 0110 | 0111  0
7  1 0111 | 1000  0
8  1 1000 | 1001  0
9  1 1001 | 0000  1
10 1 1010 | XXXX  0
11 1 1011 | XXXX  0
12 1 1100 | XXXX  0
13 1 1101 | XXXX  0
14 1 1110 | XXXX  0
15 1 1111 | XXXX  0

o3
  00 01 11 10
00 0  0  0  0
01 0  0  1  0
11 X  X  X  X
10 1  0  X  X
f = b*c*d + a*d'

o2
  00 01 11 10
00 0  0  1  0
01 1  1  0  1
11 X  X  X  X
10 0  0  X  X
f = b*c' + b*d' + b'*c*d

o1
  00 01 11 10
00 0  1  0  1
01 0  1  0  1
11 X  X  X  X
10 0  0  X  X
f = a'*c'*d + c*d'

o0
  00 01 11 10
00 1  0  0  1
01 1  0  0  1
11 X  X  X  X
10 1  0  X  X
f = c'*d' + c*d' = d'*(c'+c) = d'

overflow
  00 01 11 10
00 1  0  0  0
01 0  0  0  0
11 0  0  0  0
10 0  0  0  0
f=a'*b'*c'*d'

