counter 4

x    y
dcba dcba
---------
0000 0001
0001 0010
0010 0011
0011 0100

0100 0101
0101 0110
0110 0111
0111 1000

1000 1001
1001 1010
1010 1011
1011 1100

1100 1101
1101 1110
1110 1111
1111 0000

a
  \ ba
dc \  00 01 11 10
    +------------
00  |  1  0  0  1
01  |  1  0  0  1
11  |  1  0  0  1
10  |  1  0  0  1
f=b'*a'+b*a'+a'=(b+b')*a'+a'=a'+a'=a'

b
  \ ba
dc \  00 01 11 10
    +------------
00  |  0  1  0  1
01  |  0  1  0  1
11  |  0  1  0  1
10  |  0  1  0  1
f=b'*a+b*a'=b xor a

c
  \ ba
dc \  00 01 11 10
    +------------
00  |  0  0  1  0
01  |  1  1  0  1
11  |  1  1  0  1
10  |  0  0  1  0
f=c*b'+c*a'+c'*b*a

d
  \ ba
dc \  00 01 11 10
    +------------
00  |  0  0  0  0
01  |  0  0  1  0
11  |  1  1  0  1
10  |  1  1  1  1
f=d'*c*b*a+d*c'+d*b'+d*a'

